368dea3041a82125	N	59.467	62.098	56.473	56.350	56.435	70.272	56.419	0.003	3.048	5.679	13.853	
6fbd90649a462352	A	58.524	73.892	65.524	69.399	64.825	85.235	66.583	4.047	-8.059	7.309	18.652	
623b76a6d096c84b	N	59.541	75.003	60.263	70.875	64.070	87.083	65.069	19.268	-5.528	9.934	22.014	
872c700cf8d1f7d3	A	66.288	71.911	57.736	73.595	65.552	82.501	65.628	41.920	0.660	6.283	16.873	
c4472bc2208a88ba	N	49.707	82.816	76.707	79.114	78.998	87.751	78.273	1.229	-28.566	4.543	9.478	
77afee7620558f13	A	56.933	72.990	62.216	56.588	56.549	68.417	58.451	7.088	-1.518	14.539	9.966	
e5f7fe67474db530	A	70.742	77.874	61.073	62.921	68.145	76.018	64.046	8.969	6.696	13.828	11.972	
16418ebf3562c8fd	N	65.078	70.763	67.279	59.976	59.935	63.606	62.397	11.918	2.681	8.367	1.209	
210b014a7106b77a	A	83.157	67.714	65.602	64.376	66.057	69.789	65.345	0.504	17.812	2.369	4.444	
e8590970ef70511a	N	119.346	122.758	117.666	103.699	101.008	114.263	107.458	53.312	11.888	15.300	6.805	
ea9f706cd4482ac5	N	64.003	67.129	62.912	65.483	64.435	69.175	64.277	1.114	-0.274	2.852	4.898	
29ec10530e5419a7	A	77.918	93.268	103.609	102.468	116.113	119.186	107.397	38.204	-29.479	-14.129	11.789	
944ad277ceb13038	N	109.713	66.050	58.190	62.377	56.370	67.002	58.979	6.325	50.734	7.071	8.023	
4e32ff79b7481491	N	49.224	65.107	56.377	58.168	59.747	69.704	58.097	1.895	-8.873	7.010	11.607	
84536d7c3fcb8a67	N	49.918	47.612	50.054	45.604	43.270	55.537	46.309	7.920	3.609	1.303	9.228	
90930bf4f46a7a6b	N	51.825	47.672	45.365	43.292	58.087	57.832	48.915	42.782	2.910	-1.243	8.917	
508bf63ac4161134	N	73.461	84.906	85.239	91.860	97.057	92.380	91.385	23.390	-17.924	-6.479	0.995	
e12a8cf8de46a141	A	58.153	66.059	57.884	57.852	56.407	69.542	57.381	0.475	0.772	8.678	12.161	
78ecabdcd14034c2	N	56.488	61.936	66.256	56.936	56.299	67.440	59.830	20.712	-3.342	2.106	7.609	
78585f587f344c96	N	59.488	60.694	57.235	61.102	57.078	73.210	58.472	3.463	1.016	2.222	14.738	
d36b69040e42c987	A	64.331	70.483	63.569	59.898	60.113	68.900	61.193	2.829	3.138	9.290	7.706	
0e41eb0de88438fe	N	60.714	68.253	56.382	56.244	56.388	68.921	56.338	0.004	4.376	11.915	12.583	
bfc2621ee0bfdb23	A	64.213	64.726	58.289	63.126	61.185	77.856	60.867	3.950	3.347	3.859	16.990	
3da87331a6a88ed7	A	68.748	73.212	64.810	62.669	60.873	71.032	62.784	2.590	5.964	10.428	8.248	
c7334552ea97d0f6	A	52.502	66.146	65.816	57.417	58.205	71.971	60.479	14.343	-7.977	5.667	11.492	
fb5381ebcfd67038	A	66.260	69.526	71.704	61.021	58.990	69.634	63.905	31.100	2.355	5.621	5.729	
a8411e6e3ab369db	N	69.840	63.157	64.938	58.748	64.786	76.546	62.824	8.311	7.016	0.333	13.722	
c9359fe065082864	A	72.707	71.209	56.418	59.415	64.673	79.086	60.169	11.641	12.538	11.040	18.917	
809b6d923f443570	N	68.551	65.911	63.841	65.222	64.895	74.714	64.653	0.347	3.898	1.258	10.061	
55fdddcd988e2b22	A	59.979	79.490	56.769	57.329	56.495	69.137	56.864	0.120	3.115	22.626	12.273	
440d407b85c90bbe	N	71.204	76.829	57.967	66.009	62.048	74.546	62.008	10.779	9.196	14.821	12.538	
18ce9a48a1245be2	N	65.968	68.310	65.232	64.606	66.479	76.068	65.439	0.606	0.529	2.871	10.629	
1b3d3d226b762c06	A	53.226	71.876	64.603	64.003	64.491	78.395	64.366	0.068	-11.140	7.510	14.029	
7ecbf36ae486161f	N	65.047	67.306	65.646	63.862	57.043	76.687	62.184	13.744	2.863	5.122	14.503	
a1fd1aa9b4c45e52	A	69.016	68.036	71.312	64.887	74.258	77.794	70.152	15.308	-1.136	-2.117	7.641	
69608ba774c08590	A	58.826	73.259	63.527	65.493	64.831	77.305	64.617	0.667	-5.791	8.642	12.688	
f32049444a1e07c2	A	71.901	75.306	65.727	65.660	67.981	79.049	66.456	1.164	5.445	8.850	12.593	
a83a00eca82cc0f3	N	68.092	69.632	66.766	65.070	65.141	77.202	65.659	0.614	2.433	3.973	11.543	
503a085a6f86dd53	N	48.024	69.120	65.051	65.262	62.975	79.067	64.429	1.065	-16.405	4.691	14.638	
25d6a73dbea75bb3	A	88.063	91.416	75.098	73.018	87.057	85.335	78.391	38.271	9.672	13.025	6.944	
8e0cbe78eec5c2ee	N	93.188	69.692	65.457	63.958	65.453	76.184	64.956	0.498	28.232	4.736	11.228	
bb9bad9fc287ba39	A	71.464	69.895	72.349	65.414	73.702	77.729	70.488	13.180	0.976	-0.593	7.241	
d2729b7bc6ba244b	N	153.391	70.076	65.468	65.487	65.285	65.450	65.413	0.008	87.978	4.663	0.037	
16b4d58933c8567d	N	96.088	99.930	92.413	95.206	95.990	110.532	94.536	2.357	1.552	5.394	15.996	
81674b58ae38501e	A	166.162	71.977	65.413	64.290	65.274	76.644	64.992	0.250	101.170	6.985	11.652	
3da254c26a90f490	A	130.061	72.789	71.910	65.634	73.803	78.322	70.449	12.189	59.612	2.340	7.873	
c6044a320e7c7acb	N	113.073	68.534	65.346	65.193	65.111	76.215	65.217	0.009	47.856	3.317	10.998	
b75f33f2163a360e	A	74.299	67.404	65.835	59.735	65.520	76.194	63.697	7.864	10.602	3.707	12.497	
6fd14ae868070b4f	A	75.145	70.510	64.261	65.305	65.454	76.353	65.007	0.282	10.138	5.503	11.346	
2dab4e881419695a	A	126.451	83.338	74.786	73.630	72.755	86.348	73.724	0.692	52.727	9.614	12.624	
ee1518d5131709ed	N	77.109	78.941	75.525	70.088	73.656	84.006	73.090	5.087	4.019	5.851	10.916	
069bbf3a346750e8	N	93.813	74.894	72.737	74.160	75.262	86.307	74.053	1.068	19.760	0.841	12.254	
5eb2723ef277a8d9	N	98.068	87.777	80.372	79.594	77.941	88.732	79.302	1.028	18.766	8.475	9.430	
f0d02a29ddfe0de8	N	90.864	77.847	77.960	74.649	71.754	85.950	74.788	6.429	16.076	3.059	11.162	
99f45e579f6be41b	A	80.245	123.500	122.129	122.516	114.085	129.980	119.577	15.104	-39.332	3.923	10.403	
3321b6ea326b9c09	A	161.939	86.130	75.545	76.640	73.380	89.751	75.188	1.835	86.751	10.942	14.563	
c7fe0f5fa4d8fa8e	A	103.047	98.386	81.753	81.859	80.161	94.344	81.258	0.603	21.789	17.128	13.086	
dd6956fc1e5c8a64	A	195.145	80.425	73.571	72.684	72.360	92.569	72.872	0.262	122.273	7.553	19.697	
2fdbf3ea926789fa	A	90.701	91.222	80.132	79.083	77.862	91.909	79.026	0.860	11.675	12.196	12.883	
8d5ed04a5607ce8e	A	115.119	71.319	66.832	66.691	67.101	77.555	66.875	0.029	48.244	4.444	10.680	
201c9a36898d99d0	N	106.408	107.270	101.061	109.396	98.651	109.496	103.036	21.193	3.372	4.234	6.460	
f72a516ea5e9c389	A	93.220	89.521	82.467	83.786	85.350	100.783	83.868	1.389	9.352	5.653	16.915	
df7a37bd02aefe3e	A	153.421	100.833	90.430	90.334	90.171	102.654	90.312	0.011	63.109	10.521	12.342	
62190afed957c139	N	86.978	93.819	81.552	76.770	81.910	86.403	80.077	5.491	6.901	13.742	6.326	
b5d4f2ccab902a9b	A	87.300	84.950	80.248	79.827	79.148	91.579	79.741	0.205	7.559	5.209	11.838	
099de06fec8d816d	A	77.918	100.043	86.883	83.437	83.094	87.532	84.471	2.928	-6.553	15.572	3.061	
205cc5d66be6525a	N	77.221	91.253	87.470	77.967	86.762	98.912	84.066	18.685	-6.845	7.187	14.846	
3ecce83205a3fddc	N	74.286	90.277	81.635	80.373	70.108	79.804	77.372	26.648	-3.086	12.905	2.432	
472592c35a3007db	A	69.324	93.041	89.349	96.151	98.893	101.366	94.798	16.097	-25.474	-1.757	6.568	
98cab3f6172664f2	N	69.934	73.144	68.065	64.471	65.937	86.785	66.158	2.177	3.776	6.986	20.627	
1025974a1351e93b	N	84.123	63.452	56.909	56.303	56.235	67.426	56.482	0.092	27.641	6.970	10.944	
93857f059577c97c	A	79.467	79.708	72.097	72.720	72.543	92.008	72.453	0.069	7.013	7.255	19.554	
7a5c4b94cdfd2163	N	69.823	81.294	77.750	78.081	81.667	91.627	79.166	3.146	-9.343	2.128	12.461	
4a32c98afe3aa66c	N	70.539	75.931	61.492	67.370	61.153	71.511	63.338	8.147	7.201	12.593	8.173	
ea6a4f29bc0d9398	N	58.913	62.913	57.416	57.079	56.935	68.601	57.143	0.041	1.770	5.770	11.458	
91e09bd4546cb42e	A	118.791	119.066	112.402	112.715	111.576	130.449	112.231	0.231	6.560	6.835	18.218	
a167f7b1af392e44	A	62.939	63.940	56.725	56.531	56.477	68.177	56.578	0.011	6.361	7.362	11.599	
e9ba7d413199ef3f	A	70.120	64.556	57.265	56.761	56.342	68.973	56.789	0.142	13.331	7.767	12.184	
5e70852bac5e5bd4	N	54.536	60.702	56.432	56.368	56.257	69.908	56.352	0.005	-1.816	4.350	13.556	
1dd43bb52ad0fc55	A	52.865	63.844	56.527	56.468	56.247	67.914	56.414	0.015	-3.549	7.430	11.500	
a191babaa8b8298d	A	62.898	63.675	56.419	56.361	56.293	67.935	56.358	0.003	6.540	7.317	11.577	
2545961529282cce	A	58.690	63.788	56.604	56.393	56.357	68.074	56.451	0.012	2.239	7.337	11.623	
b6e65f7679dc9005	N	47.995	60.397	56.293	56.171	56.228	67.199	56.231	0.002	-8.236	4.167	10.968	
6704b5350b0d9eba	A	52.547	74.725	56.435	63.813	56.507	69.765	58.918	11.980	-6.371	15.807	10.847	
ee3a3d88f8073541	N	58.758	63.341	56.859	56.297	56.052	67.266	56.403	0.114	2.355	6.938	10.863	
0787ed40667377f8	A	63.230	63.881	61.996	56.533	56.486	68.724	58.338	6.690	4.892	5.543	10.386	
5d86a70f4e9bcfd9	A	53.002	64.622	56.699	56.496	56.437	69.598	56.544	0.013	-3.542	8.078	13.054	
ee77c41ccc93f699	N	48.217	60.796	56.351	56.292	56.303	67.509	56.315	0.001	-8.098	4.481	11.194	
513f4231ff719ff3	A	51.954	101.548	99.330	104.344	105.513	114.970	103.062	7.193	-51.109	-1.514	11.908	
13a48e7c22fb2d12	A	51.974	63.839	56.399	56.395	56.401	68.873	56.398	0.000	-4.424	7.441	12.475	
87a89c123effe511	A	52.142	63.760	56.430	56.383	56.404	67.909	56.406	0.000	-4.264	7.354	11.503	
c101235915961d9b	A	52.192	63.799	56.383	56.405	56.298	67.799	56.362	0.002	-4.170	7.437	11.437	
4d38d609cc52f109	A	63.713	65.905	56.506	67.476	56.273	71.454	60.085	27.323	3.628	5.820	11.369	
954bf5cadcec45ba	A	51.785	63.901	56.590	56.481	59.159	67.929	57.410	1.532	-5.625	6.491	10.519	
1da1476caa17d4a3	A	52.273	66.554	56.517	56.430	56.308	68.446	56.418	0.007	-4.145	10.136	12.028	
dff7ace8538a852e	A	55.857	64.356	56.471	61.244	56.348	68.219	58.021	5.196	-2.164	6.335	10.198	
213f6c8c890a0b9e	A	51.777	63.891	56.367	56.362	56.343	72.015	56.357	0.000	-4.580	7.534	15.658	
6451e41ca9ae2253	N	56.570	61.163	67.119	56.272	56.148	67.486	59.846	26.449	-3.276	1.317	7.640	
e4137bb23a5d878d	N	48.136	60.431	56.303	56.247	66.866	66.692	59.805	24.928	-11.669	0.626	6.887	
20554fa721979c38	N	48.309	60.822	56.445	56.168	56.230	70.077	56.281	0.014	-7.972	4.541	13.796	
ec87ddbde89226bc	N	58.747	60.253	56.239	56.168	66.380	67.186	59.596	23.014	-0.849	0.657	7.590	
67f773ef1c6cdf73	A	66.349	63.914	56.546	56.390	57.617	68.099	56.851	0.297	9.498	7.063	11.248	
666a6c5e1119376d	N	47.842	60.306	56.091	56.169	56.159	67.170	56.140	0.001	-8.298	4.166	11.030	
8c60c13b51b7dff6	N	47.817	60.518	56.133	56.156	56.057	66.867	56.115	0.002	-8.298	4.403	10.752	
fd2250926909e322	A	53.327	74.743	56.312	67.431	56.280	68.373	60.008	27.553	-6.681	14.735	8.365	
1b58639767e0849e	A	64.970	63.943	56.396	56.359	56.360	68.236	56.372	0.000	8.598	7.571	11.864	
eba27f1d1bdcd1bd	A	52.197	54.619	46.935	46.954	46.885	59.047	46.925	0.001	5.272	7.694	12.122	
3a5bda0fbd6fd218	N	59.092	51.071	56.903	46.677	46.766	58.264	50.115	23.038	8.977	0.956	8.149	
d2378fefd5a70064	N	47.877	51.280	48.238	46.766	46.744	58.399	47.249	0.489	0.628	4.031	11.150	
e7d762a89f4f834a	A	63.769	54.297	47.047	52.094	46.841	58.460	48.661	5.901	15.108	5.636	9.799	
6cf95cea9ef1bb59	N	47.865	51.085	46.800	46.779	46.758	58.076	46.779	0.000	1.086	4.306	11.297	
f83e670ee8edecbb	N	50.294	50.894	46.684	46.753	46.752	57.751	46.730	0.001	3.565	4.164	11.021	
3788cee14ad9c165	A	62.588	54.954	46.925	53.117	46.840	58.550	48.961	8.638	13.628	5.993	9.589	
c7adfd631332287c	A	65.046	54.596	47.079	46.907	46.855	62.511	46.947	0.009	18.099	7.649	15.564	
9df55eab990a4371	A	55.789	54.296	46.982	46.973	46.876	62.841	46.944	0.002	8.845	7.352	15.897	
ddc4028047a57b22	A	51.952	54.479	47.017	46.994	46.871	58.834	46.961	0.004	4.992	7.518	11.873	
af5c5936ff397e4b	A	51.775	54.520	47.021	46.995	47.051	60.350	47.022	0.001	4.753	7.498	13.328	
d48c7846cc69513e	N	48.078	52.394	46.720	46.849	46.938	58.148	46.836	0.008	1.242	5.558	11.312	
c6f4041a5ab27ac0	N	56.906	50.958	46.844	46.692	46.672	58.331	46.736	0.006	10.170	4.222	11.595	
85e1b1071af16382	A	53.222	54.286	47.062	46.946	46.938	58.838	46.982	0.003	6.240	7.304	11.856	
afe748a33b310c7e	A	62.896	62.552	46.992	46.996	47.038	59.124	47.009	0.000	15.887	15.543	12.115	
618849bad34beb4c	A	62.495	54.394	46.924	46.960	46.814	58.454	46.899	0.004	15.596	7.495	11.555	
c6c855f60eea5a2a	N	58.862	50.868	47.357	46.789	46.596	58.224	46.914	0.104	11.948	3.954	11.310	
e919a2989fe0a8c9	A	62.536	54.331	47.051	46.975	47.109	59.056	47.045	0.003	15.491	7.286	12.011	
b655348899b6797c	N	56.706	51.442	46.915	46.889	46.761	58.418	46.855	0.005	9.851	4.587	11.563	
7b0c7bde90beb915	A	56.167	54.634	47.195	47.036	46.934	62.440	47.055	0.012	9.112	7.579	15.385	
1bed05d2d5342dd4	A	63.552	54.400	47.130	46.874	47.003	58.515	47.002	0.011	16.550	7.398	11.513	
0a9298e454da9c78	N	47.895	51.023	55.097	46.792	46.785	57.745	49.558	15.340	-1.663	1.465	8.187	
bcfce4aad6951a81	N	58.851	51.070	46.835	46.854	50.933	58.501	48.207	3.715	10.644	2.863	10.294	
f5c02a3770ee1721	A	52.752	55.333	46.965	46.948	46.914	58.694	46.942	0.000	5.810	8.391	11.752	
15b7f14666b8cc0e	A	62.781	54.356	47.215	49.955	46.864	59.697	48.011	1.909	14.770	6.345	11.686	
2ec13f41c5c90986	N	47.821	50.905	46.810	46.860	50.831	57.632	48.167	3.549	-0.346	2.738	9.465	
f5ce5b5d97475763	A	63.236	54.371	46.977	46.881	46.983	62.891	46.947	0.002	16.289	7.424	15.944	
5a21cac25e9a53ce	N	60.273	51.120	56.910	46.705	46.773	58.036	50.129	22.989	10.144	0.991	7.906	
23cd4e729669db16	A	52.787	55.826	47.007	46.969	46.921	58.695	46.966	0.001	5.821	8.860	11.729	
9908d564669fc684	A	63.553	57.667	47.143	46.987	46.938	60.187	47.023	0.008	16.530	10.644	13.164	
ea6ee4a7c8f21596	N	47.954	50.935	47.091	46.975	49.889	58.003	47.985	1.815	-0.031	2.950	10.018	
0ade1c824bc89106	N	47.886	50.766	46.825	46.788	46.765	58.387	46.793	0.001	1.093	3.973	11.594	
2bc6e44522ca699e	A	58.491	54.392	47.049	46.950	46.879	62.658	46.959	0.005	11.532	7.433	15.699	
6d0f0783daf94666	A	62.638	54.708	47.046	46.930	56.842	58.727	50.273	21.580	12.365	4.435	8.454	
be16ca4e0a274755	N	52.292	50.827	46.698	46.778	46.637	57.888	46.704	0.003	5.588	4.123	11.184	
016090cc42fc71ea	A	51.713	54.218	46.965	53.041	46.807	58.507	48.938	8.423	2.775	5.280	9.569	
0f31f715bfa52ea6	A	64.145	54.075	46.956	47.000	46.884	58.297	46.947	0.002	17.198	7.128	11.350	
c78b2b59ac973840	A	51.938	54.748	47.125	46.906	46.768	58.322	46.933	0.022	5.005	7.815	11.389	
2186e2d812d671b9	A	62.808	56.520	46.970	46.890	46.883	58.628	46.914	0.002	15.894	9.606	11.714	
126ea2853800c41c	N	47.924	50.895	46.845	46.773	46.748	59.161	46.789	0.002	1.135	4.106	12.372	
ad01b7de6c2e0e02	A	52.205	57.759	47.062	54.131	46.922	58.919	49.372	11.329	2.833	8.387	9.547	
cd5efa91ba22766d	A	52.015	54.394	47.030	47.350	46.923	59.017	47.101	0.033	4.914	7.293	11.916	
7408067b8a1466fa	N	48.235	51.872	49.375	46.951	47.134	58.195	47.820	1.215	0.415	4.052	10.375	
2081c97742bcbdbc	N	61.008	51.528	46.670	46.783	46.852	58.388	46.768	0.006	14.240	4.760	11.620	
58c271908733ff76	N	59.311	59.031	47.028	46.875	46.718	58.384	46.874	0.016	12.437	12.157	11.510	
162b4cc6a7e62579	N	47.946	51.053	46.826	46.887	46.742	57.894	46.818	0.004	1.128	4.235	11.076	
10964ebd637b8f62	N	59.211	51.242	47.053	46.777	46.825	59.186	46.885	0.014	12.326	4.357	12.301	
00931322e79da101	N	59.100	54.628	48.065	46.864	47.351	58.168	47.427	0.243	11.673	7.201	10.741	
96c5a4ffef0b4789	N	48.190	51.115	57.887	46.793	48.352	57.994	51.011	24.046	-2.820	0.104	6.984	
74ab09e591eeb97a	N	47.994	51.560	46.841	52.791	61.446	59.559	53.693	35.957	-5.699	-2.133	5.866	
970740b870c54a54	A	55.704	59.018	47.199	47.192	46.990	59.124	47.127	0.009	8.577	11.891	11.997	
a7144d8a8da09473	A	52.572	59.224	65.069	47.125	47.193	59.877	53.129	71.282	-0.557	6.095	6.748	
492059044e748c1e	A	71.781	65.045	47.372	47.081	47.058	59.176	47.170	0.020	24.611	17.875	12.006	
9518d2710f219342	A	73.096	54.597	47.158	48.232	47.343	59.302	47.578	0.220	25.518	7.019	11.724	
09b320d50e659f14	A	69.767	79.623	69.524	67.021	65.468	94.498	67.338	2.792	2.429	12.285	27.160	
5835803c20d977ba	N	64.329	74.680	82.332	70.997	67.333	63.421	73.554	40.764	-9.225	1.126	-10.133	
c495de185b739d5d	N	68.738	70.646	58.423	57.880	58.738	66.706	58.347	0.126	10.391	12.299	8.359	
f616c193f1efb7c9	N	48.031	50.964	46.875	46.882	47.243	60.194	47.000	0.030	1.031	3.964	13.194	
5e386f68a443ba23	N	72.640	51.934	50.662	46.786	46.820	58.211	48.089	3.309	24.551	3.845	10.122	
bcaaee2bb0ddeaee	N	60.163	55.273	46.870	51.180	49.966	59.320	49.339	3.293	10.824	5.934	9.981	
2941542995c74ee7	A	64.623	54.815	47.348	47.111	46.848	58.374	47.102	0.042	17.521	7.713	11.272	
f13d1fa4ea1323c7	A	52.195	59.681	47.035	46.971	47.400	58.949	47.135	0.036	5.060	12.546	11.814	
7de83c56b36a9de5	A	52.143	54.989	52.262	47.158	47.281	72.692	48.900	5.653	3.243	6.089	23.792	
221cda38ab9853c8	N	58.972	54.022	47.727	48.981	49.538	62.491	48.749	0.574	10.223	5.273	13.742	
9fd7d39d3b89e223	A	69.983	58.659	48.110	49.749	47.203	65.595	48.354	1.110	21.629	10.305	17.241	
5b056e54a2843475	A	52.011	54.738	47.071	47.062	46.985	59.071	47.039	0.001	4.972	7.699	12.032	
1e81190a695a8292	N	66.185	57.160	56.737	53.069	51.572	62.399	53.793	4.708	12.392	3.367	8.606	
5e2a2d4094de2292	N	69.377	75.089	71.943	60.697	57.254	62.273	63.298	39.344	6.079	11.791	-1.025	
e94c3405abd6fb68	A	69.227	64.222	47.233	47.091	47.614	58.711	47.313	0.049	21.914	16.909	11.398	
23ffcd34b65c01bd	A	70.650	73.924	72.660	88.900	107.484	106.122	89.681	202.423	-19.031	-15.757	16.441	
37da80e9f826fed7	A	63.522	64.760	58.112	56.395	47.156	59.647	53.888	23.149	9.634	10.872	5.759	
ee3bbbe2111d59f2	N	59.875	61.000	56.295	57.875	59.247	67.201	57.806	1.455	2.069	3.194	9.395	
0abb55df3f404362	N	48.046	60.720	56.512	56.270	56.251	67.801	56.344	0.014	-8.299	4.376	11.457	
9d829082af6275c5	A	52.738	63.765	57.181	56.611	56.388	71.799	56.727	0.111	-3.989	7.038	15.072	
6c1013017a823dfa	N	49.970	60.819	56.304	56.606	56.326	67.896	56.412	0.019	-6.442	4.407	11.484	
c0705b2dd2d9d440	N	66.891	67.514	56.398	59.354	61.022	69.308	58.925	3.656	7.966	8.590	10.383	
1e72e8deb70bd959	N	48.746	62.311	57.008	56.257	56.157	71.293	56.474	0.144	-7.728	5.837	14.819	
7835a0de0e9dcab2	N	60.914	61.256	56.460	56.270	56.432	67.986	56.387	0.007	4.527	4.869	11.599	
1636784b9df0444f	N	58.893	60.474	59.968	59.582	65.653	56.258	61.734	7.703	-2.841	-1.260	-5.476	
b42a1dbde4568ad0	N	59.319	61.322	59.779	56.427	56.647	68.074	57.618	2.344	1.701	3.704	10.456	
62fb6dd099465c03	N	48.193	68.361	65.606	56.345	56.241	67.240	59.397	19.275	-11.204	8.964	7.843	
66beb1f5254867ed	N	48.331	68.048	66.069	63.439	62.860	79.286	64.123	1.950	-15.792	3.925	15.163	
abf00b9decbccb92	A	56.906	72.563	57.567	65.215	59.552	80.960	60.778	10.500	-3.872	11.785	20.182	
74179aa137921b39	N	50.934	69.232	50.268	48.169	52.859	60.884	50.432	3.679	0.502	18.800	10.452	
3be0eef2728453ed	A	94.484	85.490	73.033	84.383	84.796	89.664	80.737	29.707	13.747	4.753	8.927	
2ce6f9b41209fac9	N	78.986	87.053	83.000	81.844	89.465	103.975	84.770	11.246	-5.784	2.283	19.205	
0d87a0264bc957aa	A	71.569	75.373	76.521	75.661	78.864	67.400	77.015	1.832	-5.446	-1.642	-9.615	
c99c84519e604366	A	52.702	65.304	47.130	47.366	47.180	71.261	47.225	0.010	5.477	18.078	24.036	
90abc109cd988df8	N	58.052	57.742	50.884	48.899	56.451	66.120	52.078	10.218	5.974	5.664	14.042	
41e8ede6dffa3a3a	A	53.972	54.930	47.358	53.296	47.252	59.630	49.302	7.978	4.670	5.628	10.328	
1e8836f1243dd146	N	79.934	75.141	62.986	65.589	61.745	72.356	63.440	2.566	16.494	11.701	8.916	
8b5a7e6073f03bca	A	53.651	54.478	47.090	48.985	46.892	58.970	47.656	0.890	5.995	6.823	11.314	
4aa860c4c637e227	N	58.738	51.041	46.879	47.789	49.529	63.314	48.066	1.209	10.672	2.975	15.248	
fdf636fa34658e95	A	95.542	56.369	52.145	54.532	48.394	59.286	51.690	6.383	43.852	4.679	7.596	
ccd2958481d2b3e6	N	59.775	51.627	46.949	46.994	48.260	60.773	47.401	0.369	12.374	4.226	13.372	
e15bb91165a2aebc	A	58.559	61.853	49.779	57.642	47.661	66.811	51.694	18.437	6.865	10.159	15.117	
b051b4c312ad5e44	N	109.128	52.365	52.157	47.166	47.067	59.513	48.797	5.647	60.331	3.568	10.716	
3014bc71ba4442eb	N	48.575	54.583	48.664	47.372	47.041	59.677	47.692	0.490	0.883	6.891	11.985	
ad9084d56f59f7de	A	57.985	54.555	47.217	48.305	47.581	59.681	47.701	0.205	10.284	6.854	11.980	
be9750d6407c5fed	N	60.795	51.375	47.082	46.960	46.968	58.676	47.003	0.003	13.792	4.372	11.673	
f9424047f76aa7f6	A	72.124	54.916	47.876	47.589	54.965	59.190	50.143	11.639	21.981	4.773	9.047	
215b3dcdfad84894	A	59.086	55.002	47.278	47.076	47.038	68.842	47.131	0.011	11.955	7.871	21.711	
8a11f4603fc5585c	N	50.713	58.295	49.130	48.676	46.953	58.787	48.253	0.879	2.460	10.042	10.534	
e080d6549014a155	N	60.534	51.171	50.413	56.754	50.026	67.855	52.398	9.514	8.136	-1.227	15.457	
4f220530bf617f90	A	84.851	83.648	82.818	70.610	58.430	79.564	70.619	99.130	14.231	13.029	8.945	
7ee395abcb66a7b2	N	55.345	52.180	46.913	49.502	49.982	59.726	48.799	1.817	6.546	3.381	10.927	
860f2a9911fa5e05	N	61.098	55.482	47.394	47.298	46.771	58.218	47.154	0.075	13.944	8.328	11.064	
e48f6488c0f574b2	N	48.293	53.963	47.804	46.903	46.695	62.051	47.134	0.232	1.159	6.829	14.917	
0dd6773b89ad42e2	A	76.267	54.475	52.494	47.069	47.082	60.834	48.882	6.525	27.385	5.593	11.952	
c1484a5a475132d7	A	66.517	70.876	57.105	54.885	55.369	70.331	55.786	0.908	10.731	15.090	14.545	
ae1829602d91789e	N	48.244	51.030	46.868	46.762	46.835	58.275	46.822	0.002	1.422	4.208	11.453	
078492897d23f9f5	A	57.825	76.302	69.223	83.123	81.883	90.705	78.076	39.447	-20.251	-1.774	12.629	
ac8993829b37ff0f	N	62.314	53.547	47.881	47.599	47.949	59.553	47.810	0.023	14.504	5.738	11.744	
aa9065895ca66bff	N	51.411	53.765	52.419	46.763	47.059	63.891	48.747	6.756	2.664	5.018	15.144	
40b6da9d0234b265	N	67.978	65.591	52.509	55.866	48.067	64.392	52.147	10.203	15.831	13.444	12.245	
db35ad8824472c82	A	100.532	103.745	80.220	78.005	86.993	89.556	81.739	14.618	18.793	22.006	7.817	
b1280cc2edc8e955	A	93.839	84.536	69.886	75.074	80.264	91.331	75.075	17.951	18.764	9.461	16.256	
06a2d53ee046cfc5	N	60.316	51.514	51.871	46.868	48.231	59.621	48.990	4.460	11.326	2.524	10.631	
783be2143c5294b5	N	58.214	54.071	49.117	47.278	49.634	61.898	48.676	1.022	9.538	5.395	13.222	
f6c2be319a4c66db	N	49.453	52.225	51.586	46.988	47.053	58.815	48.542	4.633	0.911	3.683	10.273	
e4feacaac8ce9d24	N	48.109	50.811	47.284	46.875	46.819	59.404	46.993	0.043	1.116	3.818	12.411	
e67484939ab7badb	N	67.601	63.271	77.288	64.164	74.289	80.005	71.914	31.528	-4.313	-8.643	8.092	
64c5d53f2b3de17b	N	58.764	54.238	51.520	53.580	48.639	58.597	51.246	4.107	7.518	2.992	7.351	
006891494d70ec4e	N	48.377	51.051	46.943	47.080	46.869	57.895	46.964	0.008	1.413	4.087	10.931	
d7439ef8313ea861	A	53.695	54.488	49.091	51.783	51.357	62.663	50.744	1.396	2.952	3.744	11.919	
459afa384bfc30f0	A	52.295	54.517	46.990	47.166	47.081	58.576	47.079	0.005	5.216	7.438	11.497	
db00d82f0909bc6f	A	53.866	56.639	49.523	52.605	59.209	61.261	53.779	16.325	0.087	2.860	7.482	
72202f17c4f86595	N	59.094	53.971	47.229	47.124	46.754	58.741	47.036	0.042	12.059	6.935	11.705	
5031e7604ec9f382	N	66.275	52.262	47.849	49.462	47.243	61.306	48.185	0.877	18.090	4.077	13.121	
9c46f4a889e5b555	N	48.613	51.404	46.953	46.959	46.841	59.900	46.918	0.003	1.695	4.486	12.982	
62bb5e09b8a53b7e	N	67.520	154.769	152.397	156.772	155.458	173.886	154.876	3.360	-87.356	-0.107	19.010	
bf3aeb1cea6d00dd	A	54.937	54.909	47.846	47.222	50.062	62.934	48.377	1.485	6.560	6.532	14.557	
169ebe8f1683bff7	N	48.133	51.108	46.780	46.889	48.640	58.694	47.436	0.726	0.697	3.671	11.258	
81a452378adf88d1	A	52.608	55.764	49.027	46.949	46.992	60.408	47.656	0.940	4.952	8.108	12.752	
45e2e754a5f2b5ab	A	58.816	60.124	48.637	47.204	47.043	61.129	47.628	0.513	11.188	12.496	13.501	
6a73b0d8e07146bb	N	65.320	69.744	49.368	53.186	58.567	58.603	53.707	14.240	11.613	16.037	4.896	
f838c3ab70889c9b	N	49.325	55.048	48.347	56.485	50.539	60.361	51.790	11.821	-2.465	3.258	8.571	
04a52f77994ad60b	N	67.928	52.646	46.963	47.893	46.941	64.087	47.266	0.197	20.662	5.380	16.821	
596a41832cd6d0b8	A	63.448	68.531	55.943	53.094	53.694	68.654	54.244	1.504	9.204	14.287	14.410	
0c9b7c029304f1d4	N	67.858	51.941	49.297	50.014	47.466	63.414	48.926	1.151	18.932	3.015	14.488	
3e693f74140ce8a5	N	67.836	60.390	53.518	50.558	46.974	58.585	50.350	7.159	17.486	10.040	8.235	
80851c2ec92ff37a	N	67.607	54.743	51.819	61.581	52.644	66.407	55.348	19.539	12.259	-0.605	11.059	
612fa081f12d7f79	A	74.616	75.793	76.564	81.436	81.610	84.065	79.870	5.470	-5.254	-4.077	4.195	
8dd237313f213367	A	137.632	139.398	135.004	132.383	134.863	159.458	134.083	1.449	3.549	5.315	25.375	
d91e7a2e67d18918	A	98.711	72.366	61.582	66.377	64.567	74.226	64.175	3.908	34.536	8.191	10.051	
b9da4f06939b660e	A	150.627	160.734	160.968	159.807	137.093	140.704	152.623	120.809	-1.996	8.111	-11.919	
b19f2e01ee5abd43	A	72.772	173.322	165.286	165.675	139.930	148.009	156.964	145.098	-84.192	16.358	-8.955	
4c156fa046e33472	N	68.027	165.776	173.980	161.774	169.765	178.474	168.506	25.624	-100.479	-2.730	9.968	
f5357fc68136a7d7	A	72.221	109.383	115.889	106.329	99.834	103.730	107.351	43.483	-35.130	2.032	-3.621	
ec65f2568452750b	N	117.665	92.444	95.617	97.108	105.132	120.259	99.286	17.461	18.379	-6.842	20.973	
fdb5d627b2a0fd7f	A	152.669	156.257	134.980	156.006	157.137	174.583	149.374	103.812	3.295	6.883	25.209	
c1cd394e9673a927	A	71.530	147.975	151.037	145.068	146.111	162.109	147.405	6.775	-75.876	0.570	14.704	
49881c0ee0c21fa9	A	126.928	148.895	142.687	153.453	153.900	186.954	150.013	26.870	-23.086	-1.118	36.941	
759572c508f10b1e	A	128.235	129.422	126.976	134.151	128.798	147.347	129.975	9.273	-1.740	-0.553	17.372	
2a982a8e336bfbb9	N	132.438	138.268	117.740	121.562	123.136	149.558	120.813	5.133	11.625	17.455	28.745	
565252b1c5bd342d	N	148.318	146.397	141.992	139.374	138.672	164.792	140.013	2.041	8.305	6.384	24.779	
524412eda236301b	N	175.608	154.643	152.998	150.031	138.855	168.387	147.295	37.080	28.313	7.348	21.092	
7464440124ef80ac	N	159.966	143.122	150.489	131.705	127.254	123.856	136.483	101.389	23.483	6.639	-12.627	
2c8fad970f7f0c6d	N	162.884	169.307	168.443	158.903	177.461	185.312	168.269	57.414	-5.385	1.038	17.043	
e6b35d8dc3fd6c6e	N	118.213	165.315	191.424	184.404	188.652	205.620	188.160	8.335	-69.947	-22.845	17.460	
4f309f5449661033	A	111.981	148.766	137.130	145.547	146.104	153.847	142.927	16.854	-30.946	5.839	10.920	
9735eec298c1221f	A	120.925	122.590	120.146	124.187	124.886	135.928	123.073	4.365	-2.148	-0.483	12.855	
81e9186d67f713c5	A	108.837	123.864	117.337	120.120	115.185	128.507	117.547	4.081	-8.710	6.317	10.960	
6826d24233a45ace	N	100.821	143.805	153.416	162.374	165.854	173.202	160.548	27.451	-59.727	-16.743	12.654	
6e1491643741d26d	N	126.596	130.084	124.112	130.158	146.037	151.407	133.436	85.487	-6.840	-3.352	17.971	
c6b8e9ef09feefa9	N	86.430	134.875	145.088	142.004	143.758	158.029	143.617	1.595	-57.187	-8.742	14.412	
c7393e95d8562527	A	118.332	146.103	145.616	151.383	142.932	150.100	146.644	12.431	-28.312	-0.541	3.456	
a641335a4b075e21	N	80.548	119.710	107.067	107.375	105.279	123.525	106.574	0.854	-26.026	13.137	16.951	
72ed84159a8b0d27	N	72.927	75.052	70.417	71.300	66.942	77.619	69.553	3.539	3.374	5.499	8.066	
c5388eca03962e4a	A	112.847	113.470	109.210	111.971	95.285	106.559	105.489	53.327	7.358	7.981	1.070	
543f013bce9de4f1	N	110.997	108.447	107.369	107.985	109.632	121.686	108.329	0.913	2.668	0.118	13.357	
afee96eef3cf66d2	A	176.613	102.352	97.778	97.514	96.627	108.335	97.306	0.242	79.307	5.045	11.029	
608cde61b9744ecc	N	84.773	72.226	66.907	66.809	66.240	77.680	66.652	0.086	18.121	5.574	11.028	
59f13ca5484cf414	A	90.670	79.306	70.072	68.793	67.825	80.092	68.897	0.847	21.773	10.409	11.195	
b7c5f8c6ebd4ec1d	A	63.893	65.407	58.180	66.657	60.064	72.241	61.634	13.208	2.259	3.773	10.607	
fe347f34b519c509	N	65.336	89.211	84.028	88.560	84.441	96.405	85.676	4.186	-20.340	3.535	10.729	
4d799796948b3fb9	A	62.692	74.954	56.855	65.912	56.218	69.028	59.662	19.601	3.030	15.292	9.366	
f37a2768548cdf6a	A	95.755	96.167	88.112	88.169	89.101	98.757	88.461	0.206	7.294	7.706	10.296	
e252149d9aa3c839	N	69.503	80.396	75.597	74.185	72.233	82.104	74.005	1.902	-4.502	6.391	8.099	
a976458ccd5c53c0	A	55.860	64.449	56.618	56.899	56.915	69.064	56.811	0.019	-0.951	7.638	12.253	
84ea76a2a2c16272	N	58.963	60.599	56.203	56.079	56.232	67.128	56.171	0.004	2.792	4.428	10.957	
4624c25a974c6ec9	N	53.341	60.538	61.549	56.162	56.243	67.114	57.985	6.353	-4.644	2.553	9.129	
541111629b386350	N	51.334	60.604	56.363	56.287	56.139	67.305	56.263	0.009	-4.929	4.341	11.042	
0a3988d904ffe284	N	59.086	60.842	56.358	56.443	61.753	69.094	58.185	6.368	0.901	2.657	10.909	
c6ff180884be5b6c	N	59.293	61.186	56.325	56.190	56.149	67.647	56.221	0.006	3.072	4.965	11.426	
599e384ec82f6e49	A	53.866	64.216	56.309	56.495	65.770	68.195	59.525	19.507	-5.659	4.691	8.670	
611fb5186726f0b4	A	67.547	71.168	64.100	65.426	64.727	84.414	64.751	0.293	2.796	6.417	19.663	
617d693df44738db	A	73.586	67.239	56.706	56.349	56.293	68.530	56.449	0.033	17.137	10.790	12.081	
461cab6135a6de6f	N	48.403	60.842	56.203	56.123	56.307	68.428	56.211	0.006	-7.808	4.631	12.217	
5a30f775c0130859	N	58.792	60.347	56.152	56.057	56.098	76.591	56.102	0.002	2.690	4.245	20.488	
0a1463633c7f6012	N	48.043	60.511	56.159	62.977	56.128	67.111	58.421	10.377	-10.378	2.090	8.690	
227fc1de5ae73b76	N	60.706	60.985	56.305	56.250	56.138	67.679	56.231	0.005	4.475	4.754	11.448	
c12119e957698c02	A	54.957	63.872	56.512	56.319	56.287	68.292	56.373	0.010	-1.415	7.499	11.919	
9a0d6992b91c9e5c	N	58.838	60.708	56.216	56.214	56.112	68.441	56.181	0.002	2.657	4.527	12.260	
c3e9df66f41c413c	A	53.155	64.438	56.659	56.359	56.371	69.628	56.463	0.019	-3.308	7.975	13.165	
e4ffebf28d12c92e	N	58.761	60.393	56.282	56.358	57.338	67.797	56.659	0.231	2.102	3.734	11.138	
7b16405b620dd44a	A	63.489	64.839	56.604	59.260	56.260	68.189	57.375	1.797	6.114	7.464	10.814	
c4acb832eee9ec00	N	50.217	62.895	56.209	56.191	56.184	67.293	56.195	0.000	-5.978	6.700	11.098	
5d7898c62352646c	A	54.480	66.033	56.589	56.603	56.445	73.470	56.546	0.005	-2.066	9.487	16.924	
4ee31b6f6398efc0	N	58.902	60.648	56.092	56.347	56.139	67.394	56.193	0.012	2.709	4.455	11.201	
6829301b16ad978d	N	60.310	60.816	56.090	56.142	56.219	68.719	56.150	0.003	4.160	4.666	12.569	
5f08edcc4319d39a	A	63.686	63.737	56.330	56.261	56.238	70.311	56.276	0.002	7.410	7.461	14.035	
3c329565b9452895	N	59.000	60.825	56.207	56.262	56.051	67.176	56.173	0.008	2.827	4.651	11.003	
b636181d9cc26e26	N	48.133	60.502	57.372	56.196	56.068	67.374	56.545	0.344	-8.412	3.956	10.829	
fef43e7348902b12	N	48.307	60.510	56.300	56.158	64.151	67.995	58.870	13.950	-10.563	1.640	9.125	
f161eed99b9cd709	A	70.268	63.674	56.548	56.308	56.452	68.358	56.436	0.010	13.832	7.238	11.922	
36e1f4d35bc7d5e4	N	48.166	60.697	56.112	56.097	56.042	67.465	56.084	0.001	-7.918	4.613	11.381	
d615c9d05a4dccce	N	63.252	60.433	57.015	56.208	56.007	67.176	56.410	0.190	6.842	4.023	10.766	
be00dab8b5841539	N	58.748	60.229	56.189	56.088	56.120	66.935	56.132	0.002	2.616	4.097	10.803	
49a36887ac3ae915	A	88.213	86.958	79.500	78.794	79.071	91.554	79.122	0.084	9.091	7.837	12.432	
a47e788e93482ce6	N	58.787	63.766	56.295	56.301	56.334	67.573	56.310	0.000	2.477	7.456	11.263	
be9b8c0c945416fc	N	59.070	60.671	56.128	56.165	56.147	67.327	56.147	0.000	2.923	4.524	11.180	
e4097eb1db76ffd2	N	58.948	60.612	56.339	56.257	56.135	67.320	56.244	0.007	2.704	4.368	11.076	
a5f4f3a4d7949418	A	54.069	64.322	56.392	56.359	57.961	68.197	56.904	0.559	-2.835	7.418	11.293	
d2e9db077ecf2d95	N	58.658	60.517	56.143	56.155	56.144	77.101	56.147	0.000	2.511	4.370	20.954	
49ba3a4be6d0e9b4	A	51.975	63.825	56.399	56.256	56.210	72.461	56.288	0.006	-4.313	7.536	16.173	
35421c3c5c20ee23	A	52.571	64.232	56.334	56.280	56.201	75.021	56.272	0.003	-3.701	7.960	18.749	
ac5f835432d3d5e3	N	48.200	60.437	56.200	56.230	56.196	67.731	56.209	0.000	-8.008	4.229	11.522	
5a1e2f62d53e1aac	N	58.797	60.596	56.150	65.126	56.572	67.727	59.283	17.102	-0.485	1.313	8.444	
ca8741f9ea7a7a04	N	48.221	60.208	57.039	56.113	56.073	67.125	56.408	0.199	-8.187	3.800	10.717	
b145ae74a3fd559f	A	63.349	63.702	56.508	56.276	64.597	70.021	59.127	14.969	4.222	4.575	10.894	
119a59795497db85	A	75.875	76.852	69.327	68.849	68.346	78.873	68.841	0.160	7.034	8.011	10.032	
64b6725811e07730	N	47.924	60.146	56.132	55.990	56.083	66.993	56.068	0.003	-8.145	4.078	10.925	
ed137abbb78dcc41	A	53.042	63.907	56.465	56.434	56.971	67.911	56.623	0.061	-3.581	7.284	11.288	
6ead4407abdb2ac1	N	47.956	60.266	56.209	56.090	56.141	67.201	56.147	0.002	-8.191	4.119	11.054	
11842757720affca	A	51.901	63.582	56.354	56.253	56.171	67.806	56.259	0.006	-4.358	7.323	11.547	
20092a0342c7032e	N	48.038	60.306	56.207	56.076	56.037	71.195	56.107	0.005	-8.069	4.199	15.088	
106655d0b0edd79d	N	58.888	60.371	56.101	56.161	56.055	67.069	56.106	0.002	2.783	4.265	10.963	
b1517e065fb67cc9	A	52.813	63.533	56.347	56.284	56.200	73.266	56.277	0.004	-3.464	7.256	16.989	
ce0c0392a46d090d	N	58.699	60.320	56.000	56.291	56.040	67.463	56.110	0.017	2.589	4.210	11.353	
944d7dc80d50d603	N	48.005	60.699	56.174	56.057	56.127	67.285	56.119	0.002	-8.114	4.580	11.166	
8f1acd25c9947197	A	53.315	64.363	56.320	56.313	56.167	67.873	56.267	0.005	-2.951	8.096	11.606	
ca3651fe6262069e	N	48.004	60.313	56.311	55.968	56.138	67.463	56.139	0.020	-8.135	4.174	11.324	
3249241bcd568f56	N	47.993	60.362	56.141	56.160	56.060	66.990	56.120	0.002	-8.127	4.242	10.870	
f9b21cd6ef1063fb	A	62.485	63.529	56.421	56.277	56.187	67.854	56.295	0.009	6.190	7.234	11.559	
d596bba1c9c07180	A	51.715	63.551	56.325	56.217	56.133	67.807	56.225	0.006	-4.510	7.326	11.582	
5a474f7075d163ac	N	47.986	60.146	56.213	56.082	56.078	67.231	56.124	0.004	-8.139	4.022	11.107	
50b6fef63cfeb5e7	N	58.610	60.237	56.135	56.129	56.172	66.734	56.145	0.000	2.465	4.092	10.589	
60232d4e88f3a43a	N	53.376	60.334	56.170	56.208	56.108	67.037	56.162	0.002	-2.786	4.172	10.875	
ea4d7b170684a7cc	N	48.240	60.358	56.229	56.097	56.056	70.722	56.127	0.005	-7.887	4.230	14.595	
97ae82309637b884	A	53.861	63.745	56.389	56.278	56.202	68.113	56.290	0.006	-2.429	7.455	11.823	
2851af249c12dead	N	69.616	60.271	56.987	56.218	56.082	67.217	56.429	0.159	13.187	3.842	10.788	
5ab809fba6e87812	N	47.970	60.388	56.478	56.149	56.153	66.815	56.260	0.024	-8.290	4.128	10.555	
8602615c5c892c09	N	58.697	70.580	56.169	56.488	56.042	67.604	56.233	0.035	2.464	14.347	11.371	
c4b2507bc1aef872	N	58.761	60.202	56.191	56.096	56.027	67.376	56.105	0.005	2.656	4.097	11.271	
3a24cf5832abd7a3	N	48.115	60.295	56.136	56.089	55.973	67.095	56.066	0.005	-7.951	4.229	11.029	
b850983c53b7a772	N	48.054	60.354	56.244	56.140	55.956	67.074	56.113	0.014	-8.059	4.241	10.961	
14a41d1f5d1b73ea	N	48.387	60.496	56.156	56.182	65.740	66.957	59.359	20.356	-10.972	1.137	7.598	
94140bc2f2ff08e1	N	58.928	67.696	56.178	56.072	56.024	67.300	56.091	0.004	2.837	11.605	11.209	
119d620ba6c4d9bc	A	53.691	63.677	56.336	56.352	56.270	68.114	56.319	0.001	-2.628	7.358	11.795	
77c92a9eebf60607	A	52.428	66.740	56.719	56.596	56.315	67.983	56.543	0.029	-4.115	10.197	11.440	
a44472164078f1cf	N	50.707	60.537	69.268	56.199	56.035	71.709	60.501	38.437	-9.794	0.036	11.208	
605dbd5e82ce565d	N	58.808	60.393	56.199	56.262	56.138	67.288	56.200	0.003	2.608	4.193	11.088	
adea48cacfbfe453	A	63.073	63.964	56.370	56.381	56.268	68.070	56.340	0.003	6.733	7.624	11.730	
bef24783d0d06527	N	48.271	64.830	56.378	60.455	56.434	68.998	57.756	3.644	-9.485	7.074	11.242	
848232c609c7b806	N	48.327	61.385	56.214	56.281	68.149	67.564	60.215	31.478	-11.887	1.170	7.349	
19928d72d2ed3111	A	53.534	63.941	56.450	56.504	56.348	68.913	56.434	0.004	-2.900	7.507	12.479	
464470c585294d66	N	48.523	60.704	56.233	57.092	56.255	67.545	56.527	0.160	-8.004	4.177	11.019	
0cea010076441f38	N	58.960	65.254	56.143	56.173	56.048	81.095	56.121	0.003	2.839	9.133	24.974	
1069a833b974f14a	N	48.121	64.026	60.278	56.383	56.253	81.512	57.638	3.488	-9.517	6.388	23.874	
068654a99ff4f5fa	N	48.845	60.219	56.238	56.548	56.431	67.569	56.406	0.016	-7.560	3.814	11.163	
be964a0b8259a753	N	48.406	61.115	56.323	56.455	62.147	71.169	58.308	7.370	-9.902	2.807	12.861	
8e39aa39d43183b0	N	59.843	66.441	56.337	56.670	60.238	67.687	57.748	3.118	2.095	8.693	9.939	
e093f325395e92eb	N	48.867	64.753	60.416	74.478	57.947	69.717	64.280	53.012	-15.413	0.473	5.437	
2bf34f67d546ff3d	A	63.752	70.562	56.404	67.486	56.713	68.270	60.201	26.552	3.551	10.361	8.069	
4d3afcdf166f4d44	A	63.770	66.569	60.358	56.382	56.172	74.853	57.637	3.708	6.133	8.932	17.216	
e8ac807351926e30	N	58.898	62.366	56.337	56.687	56.262	68.106	56.429	0.034	2.469	5.937	11.677	
2f5d83475cc8c4ba	A	62.637	64.641	62.209	65.326	59.600	72.454	62.378	5.479	0.259	2.263	10.076	
9e610cfe4a17ffa9	N	67.517	68.081	63.260	65.114	65.154	73.610	64.509	0.781	3.008	3.572	9.101	
1de183f092bce1e9	A	79.969	72.271	65.368	65.758	65.591	77.554	65.572	0.025	14.397	6.699	11.982	
fa43fc69876e5061	N	49.611	60.967	58.318	59.888	56.291	69.884	58.166	2.168	-8.555	2.801	11.718	
8f14e3803b9d42d1	A	52.584	69.892	56.583	67.475	56.431	71.511	60.163	26.738	-7.579	9.729	11.348	
9b46d942a7b3b3dd	A	51.869	65.657	59.366	56.338	56.307	76.849	57.337	2.058	-5.468	8.320	19.512	
3449a492828f2002	N	58.752	63.728	65.518	64.699	56.278	67.504	62.165	17.441	-3.413	1.563	5.339	
2ceea26dd30cdb8f	N	58.952	61.858	56.783	56.452	56.184	67.722	56.473	0.060	2.479	5.385	11.249	
